10000
18893
5879
19490
12314
5109
11802
19854
4852
5061
10582
10164
16043
18487
16885
16694
14740
9022
14466
8655
7044
16923
8439
1267
2810
3255
18689
8477
12037
13870
2245
4481
9116
8124
323
17782
9586
8477
13988
14438
13538
922
954
9581
19409
17839
2628
10502
3213
17094
15509
10257
10369
3948
11525
13179
3555
6566
1656
11945
16789
253
12778
5905
4730
13102
39
14316
17931
14028
5106
11470
14950
6060
17403
10712
252
31
1214
3465
13477
16723
13723
3846
17023
1600
17025
16930
4518
15034
8875
1307
11639
1654
7212
12721
11108
3604
7037
9039
17632
12143
16861
12582
14556
14265
3294
14808
10648
860
18273
4126
13935
8348
7972
10958
6300
1350
4241
10819
12736
13116
12126
727
11122
15691
13449
18582
19295
486
3974
16927
8982
835
5861
19890
11452
5508
14698
2101
2720
9323
2579
16656
17672
6903
3966
3972
4605
8207
14791
17341
17676
6918
14421
8798
18961
7870
3733
18256
4708
7707
11535
10042
8542
17396
9932
16347
19256
982
14800
1977
10306
13731
18633
4330
634
18951
8302
1592
7159
19446
18933
4835
2716
9706
9985
1677
17576
13718
16285
2285
1425
7820
12327
6320
1568
18612
19019
825
19594
13819
2802
6252
7550
17787
10582
4536
16738
15237
6128
249
11035
1414
1436
10103
11120
7774
8132
5049
1492
4417
7334
19270
8589
16013
1942
10157
10977
961
7334
6924
11132
6488
13176
15034
627
111
19570
13718
15348
2051
13967
2735
19817
11756
12838
10937
19530
970
15986
17374
1739
19672
16644
10328
12038
18586
16837
3015
15899
524
9939
7031
7012
3116
18417
7640
19579
14340
1358
11279
16391
11677
14014
16208
3433
3204
3497
19315
4174
15836
16690
2265
15508
13334
8945
3898
8273
2134
6914
524
2658
13205
7556
9671
12673
2325
13663
12252
16665
11373
3531
13056
19402
17545
5616
2836
17101
5466
18503
17627
1302
15193
19892
13162
4880
5189
17061
13153
7324
327
13677
9982
13532
17585
16005
6206
19911
6020
18458
16576
17393
18342
5985
13148
12239
7953
15984
9341
13419
10839
6968
14721
6033
3213
4236
10913
8402
1297
418
15726
1624
10447
2061
11508
4385
18066
14066
4296
4087
8877
17224
17832
7219
19561
10980
19458
3867
3316
5151
17286
14156
8472
8360
16541
11685
12596
3806
16439
10245
4224
8518
8221
14671
10579
19729
19056
8645
13796
19704
9084
2673
13281
3269
6244
9194
10601
2054
13061
10270
7206
10348
778
12030
15060
17319
67
7656
1125
16506
17901
1701
5024
6122
12724
15603
2203
8133
601
12351
4189
6037
15024
17470
5658
17620
3017
12612
19675
16078
2882
3233
2778
3660
15263
17838
17331
15330
1846
14808
8188
19747
12861
13213
2221
5585
5168
777
13718
2121
13128
14260
4511
4505
8082
6521
2125
11099
19133
18152
3530
2015
1385
6308
2027
16648
4147
19358
8330
5993
10518
16519
2093
3379
6084
666
5317
7604
1443
15387
6078
10924
9647
6941
15429
17730
13462
13906
8829
12596
12059
12359
10963
9796
15020
12991
2797
15519
8701
11127
1512
19220
3998
19957
18951
6434
624
4268
10391
18419
19656
12821
9343
9303
19762
1124
3385
13224
11383
12215
2172
19794
926
13136
9590
15946
2479
12387
11465
11180
19867
9330
6752
217
5639
2056
3004
2615
6324
13395
1035
2332
2568
6730
11636
2330
4207
15021
11906
15590
3588
14079
11736
867
3567
1326
16813
6046
13714
4631
13578
9933
10313
331
10150
15952
2387
13154
18568
5063
2901
15955
7396
5469
2685
15384
4151
3244
6757
16058
15186
10346
6489
6922
7565
10056
4601
4378
12454
14667
5361
6032
4600
15674
2715
11102
11627
1454
609
6547
6518
3510
2502
10266
5332
1539
5650
9483
4784
12407
5541
16322
19105
8382
19597
6670
18438
4198
7401
10892
18865
12762
13277
19817
8437
15992
10919
16416
17447
11528
2963
317
11391
1817
10583
16723
3356
16233
6206
4492
4992
8100
815
4098
16482
412
10768
11273
962
18169
18517
19827
7284
11794
19644
12073
7787
6915
8489
1586
18444
7804
1903
9835
9621
8838
2910
12977
5071
9116
13822
10063
13568
14637
14161
10051
11401
1282
17676
12363
15803
16193
8542
3087
7988
8186
11512
12127
15101
1
10065
9897
4157
8320
19732
13778
17158
2642
3108
2229
8111
13282
8644
18031
7919
19158
4434
15672
440
2110
4387
12595
18304
12929
12035
2644
1115
3547
14771
12568
19901
4836
18818
4058
9508
18550
14189
6666
17545
13649
8895
2008
6931
13891
39
11202
13049
826
6874
9841
2936
11261
18789
1240
4190
10824
236
1657
14371
15007
10577
14272
16195
9395
14683
5703
4298
8872
8721
18195
18873
13968
16555
5804
7860
12946
17006
17261
13772
232
7103
16709
7845
5892
14301
8387
16716
14538
6396
7439
5897
16973
18064
18445
2721
12747
500
3371
1619
9222
1566
492
3190
18121
2648
11050
11067
16006
8312
1192
12590
11767
17901
435
14011
8554
5174
7079
3092
11570
14518
5342
4895
12582
3787
3968
1681
4287
7339
19652
13509
8905
16496
13052
3378
19144
454
10798
11502
5118
11990
4092
16885
6243
879
7248
14797
6053
14327
14242
13975
5198
19584
18871
14132
3371
2839
15814
4010
6531
15466
13872
11788
11963
6924
15167
7459
7378
2317
18962
12497
14307
19406
5734
16902
286
12983
11699
2691
7310
2293
16667
12508
1877
15538
2993
1600
14729
18807
5611
1260
10625
19483
13049
18940
2759
4568
6400
10137
6885
1714
18986
17544
17472
4721
14446
17758
14056
2497
450
1366
4791
17117
10227
3020
9007
13220
4621
88
8379
6584
17701
19004
2419
7102
14297
5178
8022
697
11667
14907
18763
10654
8803
12587
11727
19601
10346
5783
2098
7148
3501
3241
617
13728
6262
5976
3300
10883
6064
8031
17467
117
7036
19886
7219
1333
1416
15241
18382
13083
6500
13497
89
11655
6084
11816
11256
12782
17599
9707
16282
1101
12948
16899
11181
15562
2875
10834
2797
5292
18865
16616
5409
2253
12854
8981
19938
14270
574
18320
7354
7075
8169
3795
18730
10606
15612
6339
3388
9563
16046
19671
7016
5346
12922
14550
909
12150
5384
3706
13794
4249
323
19203
2855
13177
4536
2793
7448
5111
17466
11154
8538
5635
14949
7268
12593
6913
13607
12334
16477
6005
8357
19845
11352
1279
14395
12261
9781
19779
12319
3575
381
12642
19131
3236
2172
3667
6029
5972
8778
3495
13478
13668
5483
8427
937
18076
11693
10896
10410
4522
16902
18767
4367
4606
16399
18763
13219
6180
18542
5538
9756
18923
14533
8887
18511
16705
8906
4541
19029
14037
4388
12507
7705
9871
17286
4994
4300
8979
15891
14710
13501
9145
9830
17869
13751
6229
16632
6970
8761
11526
8860
18517
6802
19745
3756
5313
16450
12663
9854
11831
3052
14243
4338
10757
466
1625
15752
4766
10604
7995
15829
458
17140
5659
18327
7243
8240
11311
10565
17001
2837
15777
11871
9639
15523
15627
14953
8325
4642
1159
157
4046
11754
4495
14804
12221
6120
6908
13339
13077
14903
9168
13535
8395
11179
8214
11990
19419
15877
18907
12773
15066
14684
4644
1058
6559
16623
12363
14885
17618
13522
15042
1664
1629
19537
12820
13850
2010
19728
7189
11439
10983
12710
1326
15730
3889
5892
4072
19661
1769
2979
12434
13187
14016
13430
14245
575
10053
6608
15460
4023
16483
6854
5688
18112
2744
18508
8314
4754
14589
11855
12545
5572
4565
13871
17655
8455
16115
1727
8116
17884
4707
550
7423
15075
13980
1669
15650
385
4629
11111
761
17464
17965
6449
11928
17061
1309
242
1815
12250
12098
10712
14175
16663
935
11830
5118
17050
9909
9586
11286
14616
10136
18710
9691
468
16731
1694
17206
1360
9157
17967
15177
3474
768
7105
536
18429
7348
18703
7032
15798
9416
1207
12461
10351
9389
13932
7402
19298
3518
15040
13915
10007
13750
19958
6827
10481
18004
385
8194
7161
14704
3371
10636
15472
10476
11172
10254
17824
6227
17286
9974
15643
14845
2436
2347
4234
12720
6101
3532
12590
1141
13799
2597
14892
10110
5777
1725
8114
6162
9919
15276
867
13290
2264
12691
119
9788
2945
14295
16015
16583
4270
11659
11428
3058
10358
12014
15778
16459
15547
8368
17600
9346
7318
8844
15808
13095
6922
3923
19257
16841
15551
124
6484
17815
9168
6603
3955
8465
898
19970
5049
5168
7981
12829
8226
18339
4844
356
14798
16743
8725
8751
2441
12395
13947
18250
5490
869
2173
4747
17711
14076
1224
547
8243
10392
7150
12198
18857
4400
8520
258
9569
16502
9440
14147
14841
10636
14504
5992
7379
19581
11095
6172
11976
5042
4422
17466
2264
2947
18565
19975
13375
16141
16874
1618
6533
4024
13816
1743
8424
2337
18353
14345
15191
7793
8493
6384
14781
2997
12376
18512
18930
19823
4685
10906
1218
5459
8372
3482
8407
3289
19809
1782
19431
16683
19753
2316
707
9921
411
5483
8610
18765
19829
3801
2910
4674
10186
17692
4023
18914
16204
2953
18738
17241
13859
16308
2701
18583
19790
7460
1872
19599
5594
17655
16282
5347
19972
16989
15269
16735
18824
3879
15500
18653
7681
14763
3327
14219
12455
3702
13133
5011
6655
8223
18605
16866
4531
1306
15449
4321
8766
13674
3920
14360
11329
16554
16060
7653
9895
11329
4389
8720
11560
16241
3725
19241
11004
3405
9812
19811
7107
19298
1175
13763
7521
19780
10629
8405
1086
2431
9078
6204
16105
9351
16916
3786
5905
12976
7792
15801
4305
8533
4521
15866
4774
4598
11459
12131
8003
1272
11942
15111
570
13117
5226
4443
9249
15855
9200
10335
14638
18279
12891
10743
7630
9808
10882
9887
2784
15026
5688
3442
3559
6561
19308
4685
11160
7119
16816
15515
4743
5111
10626
1665
18228
15852
2461
7478
8060
11661
14165
2698
9940
7057
9794
13922
16865
17028
3810
16001
12054
5850
19443
15613
8764
15103
298
16276
18575
13467
11791
3318
18578
18770
1336
13158
10974
3797
636
19034
15458
11154
1733
1751
14563
7879
15673
7780
4907
15835
3781
16961
18038
3225
8926
3154
14680
9224
15782
13255
19043
3925
16574
17621
2695
14262
10780
13670
18059
7768
9056
13517
18922
10789
15268
9837
18668
7294
17617
19927
19481
1399
16888
13871
976
5814
17025
12008
11391
9159
5264
10434
13085
18190
8056
15780
12452
15188
5802
10511
2956
14859
380
18231
2000
12001
8068
17021
15647
2038
16948
15128
3437
13837
5352
765
16003
18729
12773
7394
7889
14389
14181
974
12579
2237
16754
5031
17425
18909
11894
16733
13768
12275
14964
15768
628
19385
9141
16275
1423
6090
7755
4860
16279
13107
1977
12282
11837
11102
16029
19726
5492
10210
700
14423
8799
13806
15807
6224
12715
7701
19309
2835
16328
14274
14956
16956
13659
4097
9583
15082
10187
17339
16294
2818
10446
14623
15101
18635
5725
11130
14713
7569
17692
15413
1993
6491
5572
17800
12715
14639
1853
12024
17475
18182
2650
8783
11490
12661
12880
1074
7743
19420
18413
389
2238
5211
15012
13691
199
17090
1173
14912
4659
18865
6678
6652
5356
12250
804
14423
3241
2658
2800
17068
17192
5450
5851
8682
18112
18732
6108
2207
14504
873
2597
13094
6085
13961
6786
2636
11051
4311
17548
15711
3177
578
18715
8533
9180
15872
19309
12422
18530
2109
9490
15722
3911
15342
756
2023
10426
6865
583
1282
7738
3180
14376
10175
17141
17514
9163
4545
1826
6712
256
5003
3642
15323
9888
12823
11195
9197
5245
6077
11306
11087
18151
11570
2781
15260
13593
13207
2125
10528
14489
6215
13708
5218
12743
7202
2732
1906
11747
4558
4970
8355
5913
8613
30
15802
1436
7578
4999
3033
13655
12658
10472
8159
4228
13254
3419
14173
2813
1896
4702
13655
8111
14762
18873
854
18316
1605
2761
6415
6164
4083
11122
12077
12696
11153
4231
10484
15083
5583
9869
8738
14593
342
13249
18821
9948
16668
9346
12761
18564
10400
6416
3028
1515
5289
234
16183
3247
19347
2599
9411
3431
13721
17840
16127
1226
2072
2964
16309
4007
12833
1400
18600
9527
11001
13773
19475
4022
3119
8589
2586
9872
15005
1966
7739
16647
2201
3922
19894
17900
6521
5657
1331
16595
3497
13811
14173
1921
16775
6835
5928
9608
4587
880
15488
15588
14653
14963
19610
14125
3552
18549
349
14910
16867
8088
11557
19068
12010
11451
13321
14884
17108
14652
7831
16957
8463
2004
15231
5238
5191
17511
11199
9778
18392
6687
1719
9397
18002
1329
3522
17907
16230
3871
12817
13098
11959
726
8518
322
12177
1839
15206
5637
16492
3037
18946
1307
1393
10529
6546
6585
8041
14097
12715
2785
784
14434
12182
15138
12116
15705
13045
4698
15928
2214
17796
4240
2940
2667
4562
11469
4506
16120
17106
17350
19157
12405
18658
16902
2934
1556
19839
10975
15653
12555
10112
12789
3341
2295
7927
11809
14352
17325
16508
6632
19539
14304
10872
2480
16971
11786
13949
17830
7906
7408
11532
3415
19813
6542
318
2747
8098
157
10075
103
9064
16539
12892
12406
18834
17172
4215
9538
14497
17075
16171
14036
11380
3395
16516
4703
15182
6818
18885
19440
14226
10418
2856
14039
16960
19526
13138
1411
16035
19565
1514
1452
16105
10759
10210
11291
7931
14425
830
2428
11501
13353
12816
19233
16748
9333
288
11930
16151
19174
11371
10377
5944
10579
768
19256
6457
10258
667
2492
9824
18534
296
2281
9293
10506
13572
17224
1284
10754
16004
12785
4107
8820
8370
856
18153
5010
12786
10656
4184
509
17385
6480
7440
14505
5737
13897
4764
2756
12742
14588
1290
13038
13221
10583
3545
6793
4159
4829
17548
163
13966
1655
8984
18688
18863
3489
3698
8002
10498
4235
8511
7883
10715
12304
2389
12804
6201
3505
15561
15295
18093
13203
4686
7666
139
8231
14459
4298
9412
8359
814
3378
6367
9798
2066
5230
9639
2116
9584
137
6351
14448
4373
17067
6752
6762
9871
9305
10267
1784
4601
4712
14988
9287
8730
15127
13870
3189
15777
3282
7901
16591
3012
10620
2741
1430
12202
12381
3546
1787
8870
9898
16235
13243
3317
2987
5
13188
12292
6624
11325
13245
7688
6313
18884
16418
17792
12754
15960
9921
12388
213
2865
15400
10833
5606
16830
3035
14339
377
4822
3210
6627
1057
16453
9944
396
12811
19484
9041
15787
10809
2286
19828
17122
17523
12598
11266
10277
4910
1188
19018
5123
405
14418
12308
6011
7601
15344
16703
4330
16518
16265
10957
13928
9070
901
10676
1881
385
19717
14021
11195
18356
10201
4669
15879
2799
12288
2508
4062
13476
1526
9185
10233
15945
17846
12596
19898
9542
9299
4228
6060
1916
15185
16340
10987
12438
7017
9220
12823
6734
3241
370
5090
13442
1392
969
12594
13680
3478
16656
3508
5004
2193
13741
17301
39
6337
17199
9581
15637
1427
11994
17553
12964
8334
4892
5402
15351
14113
14578
18438
17354
14948
3528
7149
16340
850
16095
10020
680
9103
13528
5684
11296
7269
19338
7688
9959
16537
13621
1948
14317
5615
19501
7281
10302
746
9036
2005
14859
3614
443
8565
18562
324
15714
11255
17526
8161
17627
18206
17264
7508
3890
4913
11129
19580
8953
1088
12470
2574
3036
6787
4542
18890
10420
11196
19636
19456
13201
14495
3070
9997
3060
17985
6673
15127
5592
4199
3288
3219
2405
16905
10727
2647
1818
18209
2228
7123
19297
14698
9697
2334
1485
10591
17576
8257
1787
17212
4066
14989
11707
3488
1338
11119
17825
8011
2598
3417
12210
5887
2989
14615
19144
10068
17262
17314
8277
19490
4437
7575
10540
10486
6261
8377
1078
3837
16635
2865
17401
701
14206
5460
4189
15544
16579
2015
19907
19178
1784
8469
1417
4773
3084
16913
14842
16699
14227
19471
12541
18664
3398
3082
9150
9659
11459
6580
9848
8094
9446
7249
5147
4
9061
5689
11901
5641
7704
11808
1171
9488
278
18940
10614
19714
15853
1808
12765
6432
1279
5307
1448
4678
8389
6950
10689
16200
13531
16890
647
19329
4139
5794
19333
9553
11483
7586
15194
15539
15747
12717
1380
12377
8009
11994
12091
214
13802
4857
6646
11433
6516
4446
16111
14905
11396
3153
7457
4927
43
8104
608
534
13899
16294
10087
1734
3880
1633
17274
19627
10702
18654
12004
18711
7000
448
18925
802
5305
1923
8587
11821
6369
4699
3078
14118
4204
6887
19045
4247
14992
16006
1133
5243
12300
11221
6977
16180
9206
603
12160
19909
15609
4164
18620
2609
4612
13898
19763
6269
12173
8351
14442
18543
9402
13872
12661
13606
760
8058
14205
12104
416
15338
17347
12716
2911
676
5249
12118
17632
17409
12027
13241
1573
6999
15851
2538
17249
11966
8807
9423
317
19602
4318
6071
13474
13331
19677
10586
17741
10234
2690
18158
5573
16389
10874
8484
17066
12475
602
14698
9884
8981
4291
11458
15981
16494
10348
9582
8461
15507
19005
5130
15109
3323
11202
4936
16654
7231
11874
14396
17466
14565
8906
19391
7306
16132
7875
4372
8608
4830
15422
18492
10163
16066
6302
2496
12560
16650
12079
1021
12158
11084
2504
3619
10760
10058
4907
7414
17289
16782
18162
11107
7699
3420
10498
15005
19553
14726
15730
8161
19556
7504
6653
6071
3570
9308
8568
16131
2310
647
13504
10820
8083
12360
14440
18843
2418
15699
2610
19708
12481
17124
7167
180
545
17666
11538
98
12392
7268
8259
8300
14772
11264
14371
18343
16924
19291
10826
19235
19938
4330
10055
4374
16691
847
3217
15461
16547
5827
15169
9028
2952
18689
5561
19849
16355
17099
19947
5099
4367
4558
9751
15491
15822
474
13834
12747
19766
1012
8334
16056
1695
18389
16782
18386
19237
0
13847
15784
2179
5369
1164
1483
410
6725
1332
13117
176
1279
18216
4543
5837
4319
35
18012
4793
10221
7111
911
7586
15445
13320
9281
10186
10102
4019
5775
6454
14218
1559
8634
15939
19076
6469
16349
2153
7802
9466
2330
5433
4034
3225
7623
8353
19612
1987
9499
6186
5450
6762
13772
17247
16434
3053
7433
6537
7072
13209
9343
1290
11120
14329
17230
6548
799
9931
8702
4953
19398
11032
10386
3432
10609
14361
8138
10222
16348
13989
16408
1798
751
10180
19045
13538
9585
2831
75
16657
12392
5770
14299
19864
100
7881
6413
17251
17813
15115
2204
13563
2499
8942
13347
13108
19656
1485
3330
16004
11826
16090
14155
8930
6270
9552
2468
15855
8735
2543
8864
1127
4665
19516
992
4765
7397
7405
2016
1562
18872
572
15125
1371
5867
4825
10831
5523
2662
10514
1527
14489
6604
12034
3419
9227
17939
5887
5082
6674
4782
10299
4154
9447
9815
5146
10565
13564
8903
8933
15127
4127
5858
6604
1850
11725
11429
12681
17248
14092
3195
15127
4933
6152
7162
8352
15379
5101
10591
461
8127
15373
7112
12281
1172
16927
13779
8089
10492
19034
17023
1971
3161
19233
8575
5011
10958
16357
17693
8206
6801
17240
3333
11734
3392
6847
16438
18771
11948
7029
15585
16428
18754
19049
5061
19926
15977
18841
4368
2821
17875
17743
1144
1037
16976
9719
2400
7934
2428
16445
16140
9229
10038
15825
963
13430
2673
13753
8554
10973
782
491
7401
19536
19540
12463
15815
11869
7656
183
11042
5531
17926
12186
2920
14902
18258
1673
19188
686
18118
11680
6268
8156
7505
3583
17939
6530
17337
2845
17504
18119
3336
1257
14008
19228
10072
6175
11098
17728
6358
2140
19612
636
10679
18884
11890
8937
557
7430
5975
15028
19110
12243
3184
2967
15827
1123
9498
13164
3968
7002
7635
3656
8259
1643
2885
18332
4170
13983
12412
6880
12475
12024
7516
19506
10909
15758
8443
7818
3188
14419
2846
18650
3014
2383
1618
18841
19858
11116
8357
3827
18118
15993
3835
2729
13988
6720
17413
18159
17055
9826
5039
5883
18202
8908
5389
5463
1018
10185
13282
559
4604
12480
19209
3970
14863
17179
2812
14722
8295
11169
14901
2765
3514
18736
1847
17503
1809
19260
12014
15216
5438
17053
1099
3641
2313
2841
9104
3332
13026
18738
3891
13982
7571
19452
17952
2434
16632
764
13508
4927
8286
8409
4045
11800
3498
5892
5655
5307
1504
17669
16875
6943
11075
17975
10584
13388
17168
16040
13072
10194
11131
13315
528
18702
12768
18480
1136
5752
15597
14645
7031
235
19406
11076
8387
2904
13320
14043
4563
14825
8064
17791
1768
19139
12118
12352
8880
9286
4744
18304
15832
15875
11620
16360
14577
740
14840
12066
6492
10437
3063
13523
10672
2469
952
19060
1726
14272
9455
2641
9097
17519
432
10865
13011
12550
19569
18243
1836
666
16547
17668
16541
8167
14028
7471
8907
5221
19537
15399
15658
2600
5275
2683
1421
6227
18095
3147
499
3902
5789
9597
1421
2573
16814
10784
15124
12736
9027
16960
13402
1927
10981
9943
10094
1361
13766
15354
6582
13303
7105
18593
12255
12380
17628
13677
14959
15723
13176
15459
19625
18965
1408
17398
1539
14574
4535
13015
7310
9914
9975
712
11841
17308
7008
18288
18670
774
13642
1604
14078
17099
197
2685
9480
17825
16362
4439
9900
9539
16250
5877
4856
14010
3276
2747
8585
4163
15762
12247
14077
2090
12960
2271
19398
19968
559
14420
17094
14201
16025
7524
11300
12574
10210
17132
10400
2924
17924
300
8815
10526
6178
13672
4537
5806
12771
9474
9969
8534
1721
398
6976
11033
2669
2726
7353
3228
17147
4448
13781
9524
11972
1434
2098
18534
14918
12498
1459
12842
9151
6626
3369
15329
298
4258
17487
13070
10084
3808
17956
11805
4206
4932
19191
6876
7658
6544
10104
1157
7344
238
10681
15669
1672
12780
14203
16590
1630
12014
5785
7133
18641
5506
18814
15291
9764
16301
8361
19848
109
2669
8005
4316
7601
7196
7544
15260
10093
14000
16417
17437
14238
3451
13106
12262
12583
7310
5205
14213
15676
10990
1347
14317
16496
16513
9609
2612
12815
14322
18812
9276
16992
3169
9944
945
6718
17488
12557
16811
11489
8975
14248
2079
8778
7355
14342
1361
14665
15899
15574
6693
6889
13273
1011
19737
6139
6972
18701
18954
17646
13865
8230
10990
17034
14527
11936
3752
12015
845
563
19856
6172
14812
1936
14950
18519
12630
16311
13184
8529
8238
19877
11770
17863
17240
7859
4002
564
6560
2956
18211
16777
7539
5553
13811
2066
13841
13916
10433
14687
14479
10290
859
5643
8578
15810
4162
1208
12121
13698
6089
16711
9928
17859
14575
3520
2070
18577
4085
8630
17886
2296
5407
1777
4201
15570
195
18043
9486
10628
12730
318
17270
13589
2313
5848
9399
2828
3408
17873
16526
9497
14584
2806
3708
9159
6327
5778
4089
10412
14408
18327
9060
16167
104
13261
8090
16651
11304
17576
7279
386
14246
4550
13976
16560
6750
19727
19388
10159
17600
12266
19656
8537
15073
3365
14048
17752
5495
18137
8164
16256
12816
13576
12423
12920
3189
16865
5923
14494
14442
13203
14880
5040
14105
5208
1600
17207
4936
17340
7366
2536
9607
3375
11073
1032
3092
1474
18784
8587
19611
3300
4843
12428
16876
13619
1700
16417
10484
7624
7263
1278
17179
2144
6319
7636
3704
7919
4843
8640
1612
12210
7529
7571
11937
14954
8603
15029
16428
3739
3616
12392
3391
4812
1172
16619
18431
2872
13036
5267
6848
300
6546
379
18796
9217
8015
2500
13488
9211
11141
15100
17773
15022
2671
9710
9976
7626
4739
2757
7717
4707
15149
11108
5871
16321
7727
654
15545
764
5922
18746
1064
8820
19125
19860
18037
3493
18712
11525
12704
9853
2978
10477
1227
2001
187
7556
9628
1278
10313
17345
2337
1814
8454
8209
18135
12533
5215
10032
13297
11137
5130
10713
16309
4256
6925
10698
7749
5638
18576
16805
11843
1554
7282
13071
3555
3821
627
9535
1451
7292
3233
3788
9106
11687
8349
3593
572
13565
9977
13870
1054
15108
935
13716
19364
7861
4414
3465
13499
2990
270
5342
896
3904
18413
4452
4077
15392
10339
5528
2684
13572
5668
8142
1611
10370
11735
2184
287
1713
12406
17693
16821
13341
11409
12537
1202
15824
12354
14701
15166
12624
16396
16063
12880
14809
16867
13309
6554
7206
18837
5590
779
857
13733
2390
7579
5468
926
7866
3533
13332
1912
354
6674
13321
9243
7876
5497
1597
18930
664
10573
15326
16727
3453
6487
9946
16762
13041
17152
11951
18632
14283
9161
12365
13026
13092
14185
13952
17311
17719
7285
19223
14425
10311
12544
3669
18187
18042
1618
13469
18706
12192
8795
11785
11997
15283
1731
5112
4676
15235
13415
19660
5871
2576
8377
18897
12021
2563
9201
9332
16634
12838
8555
7411
3149
1099
7432
17689
15493
9051
7510
14199
17595
16306
2336
9592
7941
419
14704
12617
12007
4472
12278
17878
7048
655
13127
15421
19570
2328
4753
12556
11519
13308
19968
11020
10760
7400
5061
6253
12803
12572
16805
10398
8878
19141
19991
16819
15913
11047
5788
7920
15519
14418
5798
18920
15074
15277
14341
10996
17605
19095
3553
5476
8755
3521
16497
19515
7273
1558
5769
77
14130
2574
6827
19360
18067
3170
12531
10332
14218
18320
18252
6089
9090
402
1361
516
15679
15703
11513
9637
11150
15066
11465
19905
14939
7962
15773
18564
5873
1542
14993
16355
468
1821
12068
14887
4991
4599
5220
15561
19271
19824
18003
8362
16579
19364
8878
12258
11419
16743
18247
18921
11809
9713
18827
3100
14027
10952
1665
16252
8846
16658
12608
9314
14831
4676
553
19823
5627
2125
11736
4899
1950
9739
9613
18529
5456
14843
7139
16875
11587
1739
15797
19748
11452
10976
2849
1831
1928
866
18084
10774
13876
7044
16440
8708
8072
13345
4883
10051
15471
16619
14950
17421
2711
915
12302
8167
15759
19441
1394
3698
1180
17191
3446
8984
4519
2647
7168
6447
3513
1604
13573
13742
8648
6365
2450
13072
19711
3685
3123
15182
16656
14426
8955
19367
15341
1257
3886
7452
17050
5281
11150
14583
2472
10949
3567
3344
13596
7087
9791
13462
8691
19717
7204
17339
6082
6006
6763
2145
9691
9887
17327
6347
4313
2634
2067
16006
3891
5953
19811
17294
11234
10961
11877
10059
18262
11796
13403
8211
18884
19546
1673
7575
15615
8877
1267
1698
11235
8030
195
926
17917
13875
7273
18582
16509
9340
14589
16753
11646
14400
14047
2880
1713
5924
9291
16328
17720
19046
4539
12956
18593
6212
532
14208
11441
1799
12258
2676
9829
12454
19954
4099
6329
3579
19033
19190
9272
13622
15943
918
4374
6342
150
2440
12266
9442
18768
6339
8488
19659
19295
3433
5871
16179
17642
13664
17978
6252
12692
4160
15058
12646
4611
17739
12577
3644
16930
1849
13619
9225
19119
17993
15568
19270
16785
7834
5064
11905
10525
9904
11564
6173
9690
17435
2352
3684
7451
16683
9936
143
843
4995
9141
1806
2734
1719
5450
16016
3568
19069
5242
2688
13415
810
18310
6552
4996
19726
18458
11874
5982
10022
18047
15672
3810
399
19356
11261
17082
9293
7757
14277
10640
16898
16083
9726
18617
17886
5743
18538
16955
10985
17578
6722
8147
15888
9627
13143
15614
8085
5017
1596
14459
3064
13621
14621
19816
12977
2235
16898
18622
9992
11176
9262
6890
3611
18989
1860
1497
4732
398
14805
12069
17976
1527
216
10216
7506
9711
2182
15591
14729
130
6403
14145
13751
1024
13961
6729
3259
7212
5351
13251
14740
10966
16494
18351
9955
14706
19849
11039
15104
14654
19460
9432
12533
19676
19648
40
5739
1830
11983
468
1960
18386
10966
15712
15763
1279
18793
19022
8491
496
8626
3231
11462
1472
17935
17769
16178
17784
5160
11282
8790
4620
17066
17675
648
13066
14067
6388
14896
6051
3208
13208
789
10526
5272
16552
11806
417
11927
16649
914
553
16233
12376
2025
14168
6498
18203
8304
11658
5837
17094
12631
2903
14769
13279
15969
8837
16019
7217
11240
15580
16777
8381
6106
18402
4934
17912
18819
16861
10914
19733
13766
7147
8462
15791
1315
14960
10346
9619
2970
16183
6713
15601
15438
17834
5233
7759
3023
1252
11328
10615
16832
4457
18997
19291
2859
3931
17203
1679
17144
4469
17764
10910
11616
6226
3053
12931
17538
13399
2550
16861
5934
5615
12462
17724
19802
17695
1835
2825
15300
13163
9793
12132
17620
8790
11423
16832
9073
4979
18511
2569
9448
12627
9831
1065
15206
12884
10348
12744
2635
9251
9605
8569
14866
18420
6293
11020
16115
8128
10198
11415
17643
19991
19900
11615
8781
7675
8447
14206
12654
6958
16775
18455
19586
6606
15872
14792
15842
2572
3888
18477
11823
9846
7046
3042
8266
9691
14062
733
14171
612
12149
8166
603
8401
19781
5736
16076
8229
19942
5083
11539
13069
3538
7477
16027
15762
18621
11869
18334
2510
10346
10158
8708
13744
9552
16974
19787
3614
14059
13958
4227
2560
2124
1182
10961
1906
6919
7038
6487
3213
12121
18026
12635
12011
1856
8662
7773
477
532
6107
19339
10878
12617
8047
975
2169
1373
762
2136
15433
14721
2715
14345
13197
3897
5307
11455
7168
12345
17942
10382
818
12321
3017
12829
14177
8031
602
11006
8563
3061
10346
15794
15679
14745
16769
14200
12471
17531
16336
4256
8604
19051
18601
1802
19301
3908
9609
6469
12605
3904
16851
13423
12577
16220
6252
6754
4252
3206
14112
9167
6268
810
4961
18299
15556
18082
8851
8027
15614
5188
12283
570
591
10884
18724
19892
11145
8334
6362
3750
12238
19565
17174
1167
12138
19778
4273
12742
2985
18385
1909
5605
19196
3223
256
14752
1305
9107
19131
13271
10647
7766
10194
11239
15002
8918
7483
6147
13604
10197
9898
2194
9763
3424
3361
18253
3202
7634
10995
2539
6020
9256
4496
5216
8831
1104
16320
10137
10212
11803
19760
17211
19569
6306
4802
14571
15225
12286
17071
8829
2483
3321
7376
8598
6745
10737
6851
6299
18372
14198
8839
4392
19807
9687
5960
8638
10792
18632
15127
17356
10435
14888
14567
6356
17546
19370
17279
12771
8008
14350
17953
10491
17671
5329
15442
768
16066
18645
7068
10790
12844
12259
11534
12651
1946
13846
17641
9090
12478
12769
6446
19265
4009
17366
1973
1555
16736
19253
10679
4744
9955
8632
11587
3979
10313
7029
4747
2731
2027
11815
13522
11223
426
1408
226
18725
15255
17867
7815
4085
10636
10614
19703
14645
7980
1676
16201
4716
17281
6880
5812
7237
11864
13751
7568
18529
17133
12315
1260
19160
483
11134
10383
909
12543
10609
19634
4150
8476
3802
8235
15465
14416
7938
10110
18748
5967
2663
19816
3248
9543
1980
6837
17759
15731
14405
16288
12864
6721
17549
12024
3556
5035
18759
817
13930
9368
16804
18080
14197
606
6316
9662
11374
10606
16124
6474
16573
18788
6290
19822
4683
8270
6659
2443
4001
17417
15083
13218
490
12632
5242
4046
14020
354
4863
7950
6074
1667
6031
271
18625
12347
6285
6351
19305
2410
12825
15879
17550
15467
15701
2233
3737
18712
1028
4091
16129
16112
17309
16619
8744
18903
17017
19116
19257
18233
7067
5332
16252
13098
1955
11230
1797
8241
17581
1102
7003
6759
16981
4553
2226
9034
6786
2316
7747
7815
6407
228
279
68
16848
9023
18971
10217
4492
14581
8450
11559
16265
4703
1009
18220
15933
2806
2813
9866
260
9816
16625
13594
10721
15204
2628
13860
17520
6727
18027
279
6956
18306
347
156
3681
15670
10373
8173
10251
15176
19732
6516
19879
741
1089
12164
19899
3902
18382
16512
10071
15008
10106
792
6564
9086
11004
4084
15814
9031
715
2770
3689
1062
19278
7371
13084
9651
15544
3336
1179
11629
6204
17410
8722
3645
9574
4974
7548
7957
1486
13971
19317
7944
11115
5881
17030
2120
6317
12844
7503
7032
11966
11193
4446
11244
18564
17530
17248
10460
17218
18427
18441
19775
15838
7164
3420
1764
8490
7320
6073
9976
1291
1742
14272
8759
3975
11302
7231
6644
499
14734
13676
8817
2279
14474
16414
17195
12005
10014
7656
5575
8441
2449
5350
631
5965
5123
18748
14455
12443
4821
783
10087
2916
15055
18846
6891
2710
2429
13536
19561
17163
3564
8378
19443
14391
4792
16638
2748
14806
646
8323
19600
19448
13674
16583
5413
18797
15331
19869
7592
16505
17004
17679
19421
8412
12877
2664
11122
15306
12552
10683
8822
12469
19061
4617
6860
206
1255
9608
11364
18254
14283
10964
17702
7957
7548
19467
3106
19231
15688
7051
12088
12693
4730
11509
1105
13960
10526
8579
5618
19430
15614
14440
8251
11027
19057
15111
11233
16665
1071
18950
11271
15355
9914
5325
19664
13814
4792
19123
9398
481
6174
1486
9526
7256
9348
6983
17568
19874
11914
3187
15656
7528
13979
3908
18555
13037
15371
6141
6054
16443
5091
17325
8150
11357
19002
7814
1524
3794
3289
10922
627
9463
12408
6505
13072
1756
13488
10640
17982
1754
10179
13639
9282
4159
13899
4190
17196
9270
10331
19602
5713
11774
16927
10215
19483
15929
14382
1007
16075
17671
11929
16703
3487
690
19560
16559
18798
13049
3551
16781
14803
13731
6772
438
17890
671
4628
11438
9941
11311
11040
12007
19437
4319
2222
18920
16600
12956
16280
12675
10628
4561
5730
10467
5251
5291
3378
4050
14692
6929
17183
5847
17012
307
6285
14902
978
7265
2692
7271
14928
13732
15630
14365
14403
14205
9638
11003
7161
5918
31
14141
10479
5761
4608
12083
7404
7986
16133
2096
14916
9668
4296
8280
9975
10581
3183
7305
14199
2227
10928
9127
12312
6559
3493
6715
17116
9483
17719
4277
15401
17750
14771
2232
19863
19379
14315
7268
7366
6800
5716
18634
16468
10012
6914
2795
594
6449
10100
11145
8677
17381
272
989
292
117
4056
17408
9600
18127
18037
1353
15877
12808
3586
12093
12188
14253
19361
15906
1054
5077
10892
13874
11442
17806
16670
8388
608
3122
19533
5637
503
19805
2978
795
16275
7034
14555
2227
5162
12593
3581
17391
5401
3519
9484
13941
17772
5197
6199
18826
6627
17091
12701
18069
11250
5723
6457
11858
5197
5990
13847
2053
2147
16825
19200
14774
211
13756
17002
5373
6349
583
19117
8102
4102
4953
18396
18226
10151
4595
17053
13130
1687
6106
7551
9289
8181
14008
1147
13378
16350
11346
15431
14849
8171
14632
9624
4734
4740
6626
6460
7441
3561
5577
11895
4015
10530
10291
2241
17033
14887
15646
6515
12926
1752
14066
2215
9933
8074
19714
19664
776
11060
15095
11978
15583
6079
1602
317
7171
4580
6777
14612
4493
8706
6508
4860
15589
13151
7101
8974
4390
19100
15490
17316
852
9556
15883
7138
13983
15597
6802
11111
3009
18249
3089
14944
681
1043
11614
7852
1975
18391
2465
6468
3450
5325
7680
19039
18476
11134
8013
2867
10234
3503
16535
7438
9412
12419
14576
19747
4368
17730
10858
3730
15980
13948
18674
16661
11343
10288
865
13319
5032
3330
16139
8482
5007
3820
3873
19836
14954
11886
19055
5188
11742
11942
12626
17506
4361
3555
17253
5082
1285
4463
8812
13617
14763
3838
6630
6107
10479
7496
19426
15511
7178
15565
345
8538
15737
4218
8374
10691
12456
3781
12231
550
15723
1210
14408
16437
4765
8013
17871
2402
12477
6683
12372
7240
6873
15354
13347
17352
2850
12773
9215
6381
4691
9560
14919
16780
10130
19645
7472
18939
3426
16055
15841
19149
17265
10250
11938
18382
18263
9809
785
10740
12844
9509
14333
19718
4863
7680
13422
4066
16806
2638
10447
17849
8550
5366
14629
15033
5011
2101
10324
4789
14509
6165
3938
11774
12767
15877
10157
7383
5686
7294
18123
14883
16803
8808
14601
18018
16489
8023
2084
13295
7013
8883
7496
15564
14249
2125
10597
15612
579
921
401
15088
3438
692
6862
16206
12921
13371
3589
14959
665
18064
9842
13820
6873
4443
11839
19714
8819
10275
9361
15832
19159
16857
11396
9760
15334
18345
1725
15913
15618
2126
7353
15409
2818
10568
7967
15739
3939
11556
10699
957
5972
16893
14777
9197
1337
2968
8911
10156
9596
18272
2340
8755
11481
13737
14867
6816
8434
16592
2729
405
15071
6435
15814
17889
17003
3781
9981
942
11689
17032
1899
14013
13925
13029
3211
11614
15997
8474
18122
1945
6747
463
10700
18228
10552
1920
1396
15338
18512
478
15743
13583
6913
7909
7825
3916
8042
14158
1210
16083
7542
19462
10097
17819
12491
9660
5786
4840
18134
3908
6786
4881
4371
13838
19462
14923
15758
17210
6614
10623
17688
2357
558
4601
6619
4735
4869
14661
15245
6080
10745
2787
5542
17194
16959
14385
6854
2745
19225
4988
6653
2363
6222
7377
12554
2036
18652
8312
19246
5266
15287
16935
7624
12198
1536
14243
16933
6406
5256
12179
8838
12353
11318
14380
9547
8277
5117
16401
11022
694
17742
14028
3058
3964
1405
15612
6000
16409
276
1598
1676
11916
18533
5652
4114
16422
16247
1047
19180
1503
9578
8018
13857
897
18750
19756
5526
3867
12510
12901
4561
10252
6929
3971
14216
4686
19583
16568
1095
16212
18166
2771
8128
13052
4775
8594
9474
1022
5993
8654
18878
15572
16672
9087
12821
11774
8843
14699
15641
1353
7600
16554
11605
10881
526
2173
15567
16461
15093
13015
9025
9612
15786
17153
2664
16914
2099
12138
17936
8093
17144
16814
17
10168
2253
12838
1942
11097
3889
17583
8802
11490
10489
16760
2371
11015
15285
14291
3829
10379
7306
12854
16343
19444
10008
19007
16358
12107
7497
14295
16552
4641
7461
16569
14809
6067
5759
13103
13516
9649
10686
2318
1139
1175
15430
19862
8543
10716
14153
12372
17447
1459
5226
13790
904
11586
9149
13614
46
16646
7909
16598
17639
11723
9520
12448
14142
15279
5551
7658
4928
12589
9976
2419
10116
5407
2282
15011
12475
12787
7383
9922
14247
8962
64
11503
16900
9213
5117
16946
5859
9379
9897
3498
17454
19417
12298
11596
14696
14201
19254
15977
6790
5582
18396
13258
10989
678
8270
19816
13466
12005
9738
4065
967
9802
11920
14220
19015
17037
11166
1226
2768
17415
4724
222
16832
13374
8170
7881
7575
7424
3858
10717
13007
2254
328
348
19285
8598
165
9103
16955
6255
13168
14275
12410
5088
8495
11425
18477
16013
9004
1246
13429
10080
17820
6613
3455
2343
14494
7382
9767
18352
18100
19126
16959
14780
15827
16244
19730
12344
5347
16685
18599
14867
7312
11009
16307
15807
18787
14784
8173
4143
12382
1602
14223
6555
8215
17678
8898
2710
1413
18665
17414
15865
14144
14373
10645
6323
6969
10375
18667
8668
3412
13618
3535
10725
980
19842
2884
19767
10979
11057
3910
3361
12659
14485
9916
17227
8516
15166
19937
9929
13832
13703
5794
4328
4429
12791
10651
7750
3166
5670
16419
2930
19288
16306
13655
268
12501
16540
16387
3480
3949
16649
3193
12961
11135
9462
10188
19651
4628
6477
9580
14812
180
11726
19140
961
4517
6143
8712
4035
8165
5131
6965
3806
17789
621
426
10290
13513
16814
10122
13814
9815
13316
6775
950
2778
16963
16953
7406
3440
6533
18571
19973
14611
14063
934
19128
16559
9646
3163
4724
11129
6481
8530
5271
3454
8957
15561
16967
2123
5684
7133
11938
15352
13909
9241
18130
10872
6194
1888
10665
9080
16811
10638
3691
10875
7924
19172
7434
17571
18687
12158
5052
5168
17041
10323
8622
2350
2237
1941
825
4273
9075
12763
19625
19336
18356
14107
10208
4551
12347
17225
13631
9159
7863
13674
34
12140
12846
7468
6063
11534
15978
11115
13054
9371
17791
1677
11721
16380
19970
12546
653
5397
1662
278
4733
16370
14385
11294
921
6732
8519
10904
15891
12735
4579
12277
4875
17425
19745
10938
5311
12076
18405
18366
1447
16196
43
9521
12576
16365
2067
13229
1763
81
9859
6496
12804
596
17790
13725
7329
6310
4630
19572
15397
9209
8202
272
2986
7947
11210
8298
16375
9615
6664
17823
2164
3059
7344
11092
19424
5763
674
17539
2197
10533
4036
15001
11130
18178
5078
14811
840
9708
10735
16237
15269
18937
12861
14608
3237
4071
2906
19612
10039
5922
13787
8555
8981
1131
15999
4757
3247
16673
2297
5444
7207
2685
16797
14689
17215
1875
5852
18056
7936
16587
10645
3205
15525
3507
17813
15114
3930
17071
14726
10321
2993
8514
18876
8326
5997
14876
13084
9244
7901
11733
11040
15108
10770
7837
6149
7985
9713
12001
6041
17649
4941
16687
17206
466
16546
11372
15580
476
8443
6658
10798
7789
11524
9674
16115
17522
902
5551
3118
8804
13636
14159
264
4406
18348
2766
8744
8061
14767
14785
2062
19708
7824
19269
16526
4370
6993
8458
1199
15436
11469
11997
19577
2993
18023
15693
16867
18926
17596
19986
4082
11233
10497
4346
11991
8845
7112
735
13259
18232
11873
15321
14292
16049
10942
7171
16772
17935
15629
17971
9724
3450
9968
9301
6444
7991
1346
3311
3269
18943
19649
7351
6528
6498
8050
18519
15344
11514
19255
8603
6098
11128
276
16743
7177
11219
3914
3949
5506
15895
18272
15230
19346
8240
4532
2142
12584
5878
1805
15853
1173
1455
19557
7701
7953
3959
6221
19649
11825
1828
4604
17924
12956
4881
14667
16485
12452
14933
16787
17958
10828
15059
13189
6526
19652
14073
8668
12236
16303
10474
4441
17477
11929
350
1530
16234
4309
7751
12236
12487
5931
16840
10411
18887
18073
1430
11725
6877
12715
8512
4836
3543
19923
14377
10070
19575
8450
18738
8163
1105
9212
12605
14934
17493
9307
16465
10080
9969
568
2316
2456
6500
15508
9219
1739
13582
7001
13464
16811
19716
18328
1647
3259
14604
16024
9681
14179
826
4772
18695
1932
13984
7652
13218
7830
16959
9683
17910
3280
10252
16578
5736
16752
12086
14955
14843
2020
18308
8308
18832
18024
2988
16831
17636
17592
12856
7317
8124
10034
12089
3171
8318
2426
10823
1537
10256
4134
7572
4518
7415
17824
1096
13151
10928
9534
4459
5772
11555
2767
10432
6739
17144
9772
3570
14780
3717
12778
18449
11841
2813
10539
11364
7483
9317
2187
5372
15925
6321
12945
443
13736
7121
17891
3240
18050
7425
4051
174
15332
6818
10606
2071
314
378
5642
15094
4095
18420
13544
12288
17585
435
3652
1421
9752
2191
6793
2029
4865
16090
18824
18601
3212
16715
18193
1262
492
2244
1436
15825
5415
8394
17896
5729
5124
19890
17176
5572
18311
10720
14212
12248
7507
14217
13669
13611
16408
16815
15640
1273
12905
14464
16227
16117
7531
14420
17379
8023
13017
15167
200
18432
19913
18097
513
5038
17987
17689
10610
12650
4761
1174
1251
8620
15391
14920
2231
8152
8087
14223
9425
993
5039
2004
17110
12570
12777
10842
16946
5794
2361
17146
578
2275
11595
17443
7313
5935
11485
14275
14937
12598
15449
16188
1219
7193
7461
3450
15345
15548
14026
1122
16541
19065
3127
10004
7988
12256
846
4934
18050
19559
18432
14980
1834
10028
8775
5499
15963
260
16126
10900
12859
7928
7089
10430
15121
10902
10232
10466
6450
4258
11588
2992
3324
11067
9348
7664
3323
10194
12598
17725
6105
11030
9057
7940
17410
17833
9791
9725
14445
5918
626
3656
13846
4067
14086
5319
14969
4319
15785
17771
8577
3725
763
8253
11145
6463
15917
14468
16657
4867
12194
19115
12250
17603
7055
9660
15436
16846
19386
6234
19116
16364
9890
9314
16783
3977
14633
8104
8296
6770
5875
13225
10496
2991
17831
1641
9454
10100
12461
2464
11320
1007
1579
3570
18611
4986
9582
10399
1832
5320
16633
17301
18036
6524
6615
14819
10501
1249
19275
15149
8019
5151
4726
14867
8142
18909
12860
13948
9010
5322
16412
16682
2681
14343
16604
1292
19329
6186
11692
17514
7859
8325
14815
5895
11201
1430
17067
1702
2679
16342
13203
7051
17845
17930
1918
2339
16839
11131
16288
2201
12805
9052
18883
15486
3396
15487
16779
2725
18026
4823
239
2237
13148
15054
8132
4350
16485
1551
2404
15516
14246
11960
18919
12091
9890
17190
14431
3081
8321
7071
1635
1126
16123
16870
16612
19519
8710
9743
2245
3088
14566
2484
5325
4067
13891
9809
4769
6728
11361
3525
18596
5607
15485
17516
14050
5375
14706
8481
4809
19379
15552
2796
505
8028
19666
13469
7547
8376
3213
6144
11464
14131
4981
13141
14550
18872
2951
19319
5600
14312
2845
4196
16271
18330
18064
6673
58
12770
11507
1219
12149
7059
4015
9006
11439
33
2476
18987
4762
2041
5131
12578
12524
10112
5720
7075
5336
8671
6394
10936
19335
5591
11485
11958
274
5901
18631
332
18672
10138
17903
7173
13550
18270
12532
4989
18303
15008
328
3065
13401
5460
15644
2277
11924
17716
9352
17261
6387
12099
4549
2074
17690
12386
14032
17964
18288
9015
14648
16960
15506
12551
485
9056
10821
13017
10397
5477
4377
10726
8542
14130
12538
538
16408
4462
18254
5760
18075
993
17859
2625
19419
11902
15011
9803
9866
13299
18819
867
6611
14325
13418
7097
19733
592
16466
10130
6069
17196
856
10963
11326
9746
11502
7734
14209
6108
9847
12284
3454
4058
11261
2873
15960
6273
12677
2179
15924
7848
3046
2536
2173
12816
5985
1906
9760
2451
8388
15829
15999
5597
6793
7326
15343
14647
11412
9552
17107
1259
18189
561
1670
9450
19787
17630
12075
8816
16161
8000
16664
15559
6888
15189
4728
12873
13447
14488
11676
1835
6670
7676
7432
13463
11354
2776
4462
2766
8680
1569
378
3221
18483
2048
9024
18270
16030
1099
3438
12192
5451
102
4103
12339
11643
5183
1564
5090
19672
13241
6925
6342
17269
10710
16157
8623
9838
16971
11389
18518
18540
11767
18092
13375
10167
7116
7997
6198
4567
11435
14742
10019
7889
18845
18710
19532
4029
275
4622
53
9868
11548
2747
7137
18610
15256
12112
8448
12227
19853
3318
7119
11621
1410
495
1788
4878
8492
4338
9446
19928
19080
15817
7817
17926
14527
7350
18307
11154
8324
18360
1022
16224
17459
4511
14834
12715
16623
3282
4942
16477
6601
12061
4450
8011
8908
2590
12890
17401
6929
18688
13681
6009
14505
17850
287
5384
1552
14946
12891
9877
9658
13913
6101
7117
14777
936
19832
7752
4218
1126
4229
7171
9540
5031
15183
18448
3974
4425
12201
10903
3113
5882
13264
13970
3733
9904
19354
5285
4850
12245
11514
14509
2511
17616
1626
13640
14904
17811
1392
19122
18937
1974
2646
4829
7005
17829
3278
10979
2254
11831
18234
1719
17714
7851
15689
17799
17755
11395
19436
2605
19993
10951
17114
18856
4919
18741
12496
19823
12904
13888
15297
8193
15862
17943
13023
19220
12124
12653
6551
10730
4484
4786
12449
18550
12637
4490
16349
6744
12238
12138
9349
8583
3089
6464
7439
4360
1557
19935
4183
14461
10175
15832
19006
6038
10128
12029
1610
2252
4682
8161
12983
5519
12947
1784
4069
1936
2627
16771
8680
14865
8909
14382
3448
8350
846
7239
12710
18755
3526
13245
9568
13701
5429
8574
16091
15557
604
17701
14162
1638
2215
3497
3509
15162
1633
7579
13451
4260
702
18483
15477
9611
12865
15277
17961
10063
2516
7023
5170
6042
268
14738
16096
5697
3313
12187
17607
269
6241
11769
18259
8456
15266
1769
19970
16899
5700
9773
17512
6402
4609
12989
16013
13826
4619
10326
3890
7135
17349
9060
9530
13969
151
1978
16018
19816
10517
13625
16437
16758
1746
14696
1566
13364
12817
17889
6616
18517
7662
4128
1271
8623
13469
13636
2450
18088
3962
6340
1576
17663
11752
11106
7984
8255
13084
4003
8071
3601
13980
4508
16712
15727
15557
14630
9091
8374
12519
15707
6892
16534
19835
8163
5157
9657
1800
7607
7745
2114
10299
9321
16130
18404
16779
4114
6659
9863
8117
11083
9817
2098
15591
2881
17825
7500
17511
3268
15875
10031
18976
19119
2917
15163
7282
8074
4820
5434
15682
12566
3901
2333
18239
31
737
15019
497
7397
1234
8615
14832
11051
7065
6775
13932
1242
14276
7796
4510
10151
14179
19838
9270
17096
11354
12904
5170
16174
14691
17204
5092
14944
19538
19684
14975
16627
14703
11824
376
15937
16791
15208
3341
3856
1984
13625
5098
16260
1421
5961
6411
15600
2151
15681
12696
13505
4937
17867
6032
19628
11423
7476
14572
7313
7160
5899
3941
1863
17724
4317
14153
14515
19526
17494
14724
1510
11119
16174
14122
12541
2135
533
4493
4287
12566
17190
17792
13855
11409
176
13484
2832
7653
4408
6498
14813
6660
10439
16677
736
14756
7182
15251
10634
4676
6327
12144
12147
2502
2618
1040
989
3151
5534
5276
12069
19076
19421
5925
10485
19597
15761
9669
7250
16521
16167
18416
3181
2958
11445
3917
17715
18627
15521
8349
19655
1848
16846
11802
702
19464
9195
1692
18968
11081
3320
7389
10157
19093
9666
16994
15043
1779
3015
18645
18301
15535
17061
1482
18493
8506
5400
12560
3485
17273
17262
3140
19121
10460
11295
19824
6276
16842
17868
1596
7923
1188
8986
18080
282
15004
11426
11677
16784
14441
10322
15085
6328
7384
12919
1174
12242
14671
13734
15728
11944
7348
15220
11066
17808
2867
7242
4085
19709
1462
5681
7632
2650
11019
2064
19284
6024
13490
10961
2808
4284
1284
14245
6964
5020
7164
8138
13614
18188
1873
9342
10132
5573
915
17550
3382
3782
4792
7467
3492
6254
9500
11124
5257
520
9541
893
2896
3031
11855
2056
3667
9491
12653
10632
10863
16169
18770
4477
14357
16995
10172
4490
2569
7439
2040
2303
11221
3185
6122
11065
5791
15622
2190
7400
12494
8083
8294
15390
7466
149
13798
11134
5992
6451
18118
13207
2621
13240
14036
16978
10236
4208
1468
9157
11647
19861
11460
19221
3046
17582
10286
5189
9556
8828
12590
2051
16911
884
13793
4378
17385
3944
11864
19729
10395
9982
12936
9368
3222
6972
2699
9810
7533
519
15319
15532
380
6779
14753
19778
713
5040
4968
6622
10220
17558
5025
7132
14794
15170
7862
12179
19114
19726
11908
5862
6060
1196
11582
9282
8168
14281
15445
15701
14801
10764
11234
11533
13896
2339
11312
10961
3731
12632
17583
13952
10190
2608
17436
4984
14131
5298
13515
13245
1376
1775
15459
7436
2971
7042
13070
11139
17675
8515
3193
12476
15632
10779
362
9528
13118
11674
16841
16850
4306
14425
10802
10848
13385
8238
12184
7516
9888
2051
17114
7616
3826
8925
15052
6797
15967
4474
14288
9995
9342
17481
18823
4974
8260
19185
10854
17731
7211
7695
14581
7869
18472
1735
15069
11858
6325
7253
15726
16213
5656
9192
181
9482
18118
15233
12631
10437
16059
6920
432
5401
753
15608
6727
5366
14793
17581
3097
2005
1629
14030
6226
101
15765
1296
8311
2090
8549
390
14655
10558
9582
14836
40
4052
6421
12672
10842
18832
15944
7626
4234
16697
3234
7313
18415
18028
1247
1512
16385
2876
15542
2611
19329
7659
3907
7641
6101
8809
4383
756
19367
10317
11944
15759
14370
14717
4783
1564
13550
727
9190
14136
13777
12425
1449
8544
6805
2696
10057
19542
1924
1951
18505
1254
9611
18765
5247
12064
3926
5982
9173
3293
16299
1117
15404
10669
12187
188
8585
5737
17267
17776
16225
7396
10201
14026
15941
13358
16723
2350
12900
14999
4301
7757
12605
10264
6522
14204
18681
10448
186
7854
10093
16486
5323
5498
3507
17510
2038
12093
19599
15657
9869
15824
19406
16422
9851
15347
6132
2926
14049
15384
17925
14702
3141
6883
1319
9664
1087
0
112
17626
7854
6558
14112
13177
12056
17619
10688
10446
6064
10287
2455
12285
2464
1861
8707
12315
17208
11191
11593
11257
6575
9518
5960
9717
12753
7279
19381
10193
3631
15845
7819
11485
2403
1931
4662
10811
15902
11702
1257
18319
18342
3713
10604
806
1926
15664
9473
19135
6855
1066
6744
13431
6936
9056
3148
19690
12687
2529
9883
16318
14726
14054
4155
17130
15985
5170
7941
8239
16872
5551
6558
11566
5616
17163
12372
7542
12827
18197
3029
19682
19263
9774
13113
6200
15182
12613
2242
7870
11494
8477
540
6221
2531
4696
3351
14868
9866
7644
19459
3090
13195
6018
14657
15163
19533
3381
2706
8712
1579
5735
8394
842
11861
17860
3394
7044
6825
1988
11266
18320
6817
8158
4541
9348
12854
4244
568
19072
8240
28
2163
1436
6046
13172
16599
1931
16553
15657
10643
18132
1393
15389
15327
13254
9601
15073
16650
16427
17062
7916
14747
3879
16075
15640
9580
5281
16236
10148
4354
4476
6528
2869
2264
8926
16041
15216
10857
8946
10873
1500
7079
8618
13242
18758
1873
2843
13831
18523
19270
7245
2792
10369
11125
18867
2361
17057
500
18597
7205
4854
19426
10086
4075
1690
19012
16468
13258
9870
5415
4132
11370
8846
12750
964
7604
10975
3808
17787
5851
19430
5033
8643
6152
12510
3862
8513
9567
4362
3463
13124
5569
2889
3210
5996
931
2223
2465
14190
8445
7880
18322
16167
13078
7424
17132
17034
14752
940
14821
603
370
16206
5598
6522
5068
9460
11388
10987
10174
14851
464
12095
14092
3674
18092
15023
2249
557
9213
10694
4789
3887
3214
17867
11312
346
11253
2416
1286
2426
3019
18008
14985
8617
883
53
14429
12271
11041
955
3474
11505
13051
17566
11531
11143
12589
10133
11700
18155
17179
12841
2042
393
7060
9706
739
18313
12122
18377
17091
15141
12738
12076
110
9973
12130
10891
18596
19523
11847
2070
7380
4898
15988
15263
16041
4929
5396
4093
3084
18928
16934
1479
19321
3994
11185
16413
18659
3308
11142
15750
14801
232
7827
11264
10205
16309
2155
8801
12184
14002
7223
19564
15252
3211
14827
7645
4493
16576
11738
7577
11856
5024
9056
7529
5370
16594
3942
4029
19902
11437
16132
11055
11669
3959
2319
18227
16620
827
3380
8804
11181
10604
4720
6434
10167
15899
14079
11012
8827
5818
18590
683
10842
3998
8213
12565
16944
8507
16594
13198
16296
12726
4254
4318
13037
2925
2545
6009
3752
5925
14813
14934
12881
15885
1368
19401
11785
15447
10413
612
17617
5355
17648
4812
5706
5861
17377
2650
14368
10323
15849
10665
19402
103
11335
8791
3028
13880
14801
3133
16157
5966
18067
5391
1852
15787
4792
13637
7586
11557
10601
5204
16913
8249
6368
2619
10462
97
1621
1183
10420
17470
8200
6174
13925
19535
14966
13306
13415
9767
16439
5924
15733
10858
11315
13937
6645
12459
3926
14231
4017
14528
15787
930
19129
2155
19901
9592
18604
17874
10775
5377
15345
15327
11551
5622
14862
6517
15280
8277
12636
11719
14201
4722
2577
1869
18659
5574
14328
2586
19806
18345
13466
15593
15627
8947
14101
11880
14891
12705
9755
2018
14434
1452
17345
5986
7074
12207
8855
2355
16836
1492
10426
7390
2566
9356
9259
1225
11282
3587
163
11088
18285
9981
3034
13912
18929
17135
5793
10172
6192
11900
12191
16979
13352
9536
2965
16778
18096
8172
15485
14932
9664
2264
2322
8582
7972
7933
9808
19254
11521
6323
10343
9806
16305
9729
70
11586
3216
2215
1758
9408
10467
10301
6387
3819
16190
5704
16950
14286
13877
8787
5570
19893
11051
7893
8476
19023
15826
14636
18278
3699
959
4973
9857
17264
14702
6280
5202
17918
8495
3313
3678
18963
13614
6418
19134
9804
8474
16084
442
2351
1224
6013
18597
12275
13906
3425
7651
6084
18061
2281
9784
19020
7254
15993
12637
18308
2273
14191
12578
7121
17504
12608
2436
11119
19026
1570
17275
7501
14007
17718
6204
15231
3731
1153
3858
13989
4578
11509
73
2639
13790
6209
18012
17396
18555
7001
15704
828
17544
4634
7949
15049
17243
10385
2520
16269
8308
19795
122
18667
17513
2679
13898
17596
3832
17756
11585
4763
5618
11659
7402
19408
14220
1766
16805
12775
5119
8861
9956
2664
13496
17905
14065
7091
4643
16585
19712
9303
16380
19835
7970
10246
18866
18220
7842
19050
12328
19428
3813
17946
7439
7568
13707
18011
9334
6864
10787
10806
15725
743
13470
5573
15000
3887
12664
15995
472
12377
5298
13204
8564
13268
19802
7430
7840
7645
2832
169
3425
6646
14467
7216
14214
8174
5227
3548
15038
12366
10706
7116
13109
528
12689
4462
4415
1706
457
1239
14083
5756
14444
18999
15376
14246
2781
19569
18243
5613
19738
18020
12259
14205
1588
6473
2380
6816
6374
13770
15534
13432
886
8644
13961
9928
9458
18376
11634
9915
19616
2069
12023
10412
17420
3752
1010
201
3321
15606
2166
19411
9978
14426
13616
11567
17251
12348
14735
19977
6119
10269
13410
3357
15265
3723
13285
4723
18451
1271
14639
14419
3340
3014
4831
760
3118
2194
17313
6439
17800
19480
5850
7778
10258
15819
15697
7509
4519
10432
3839
6990
702
13601
10348
12319
17324
19985
17043
12127
1257
8034
6547
949
11048
11378
1710
14167
13572
19023
16958
7724
14855
19161
11855
5113
14980
7552
8975
15851
17985
12814
2842
15039
2767
13190
7358
16443
9527
753
8570
10784
8787
15117
11734
16188
2848
9796
6707
16420
5171
3665
497
27
19178
12352
5140
10510
19904
14115
6362
14241
3281
9204
5632
2400
18746
9343
18843
8273
6448
3766
15410
15236
18883
7144
7776
1731
13292
14483
14504
18463
14500
15001
18490
13679
3705
19983
541
19961
14098
6903
10555
13732
12459
12539
12484
11205
1882
11328
15831
4683
11446
11241
19919
10329
14737
4047
8413
8029
18530
2917
6492
9382
14270
1335
19413
17975
1318
19955
14288
11768
3210
4843
1852
15670
17383
14337
6875
15617
2017
2706
300
13463
10299
16571
3792
5036
618
8557
9417
15500
11474
15910
4883
2096
13597
648
16423
14915
603
10712
6683
3814
15555
8536
15836
9290
2873
2711
4908
4890
1770
1560
14705
12069
18132
18497
13458
15102
3407
19227
10603
14881
11489
11838
13330
5086
12486
9753
1
9442
465
6685
9608
16021
11573
5444
5311
10798
4507
6571
12040
6277
8132
6745
14699
2616
1594
4509
17718
5001
3736
4673
19883
15226
16511
13213
312
5350
19318
16666
11144
19784
19703
17104
12157
11276
2548
13820
2074
3407
392
14114
6037
4876
859
17088
7492
18805
1597
1562
3807
1685
6236
42
16911
2747
9607
13576
4449
8925
10242
15593
8709
9945
12697
866
17573
11597
14687
19647
15005
11431
10113
17394
16307
7324
14482
151
6129
16079
1713
9936
17764
7949
9978
11028
7049
19585
4604
11498
4863
11198
3444
13572
1143
16141
10791
18716
4091
1830
14715
15448
13261
4828
12842
5920
8504
7324
6071
14633
19755
7784
4570
13871
12086
10900
1251
19135
6838
2207
6985
11701
13405
10429
1625
10900
6571
8768
5968
7014
10598
17035
2462
3859
18215
15304
9779
6719
18980
12202
1353
15087
19987
2275
8958
8425
9527
6562
7560
12717
8769
14545
4418
2175
4975
2396
9427
7898
11164
15396
14912
18115
8783
17374
1974
6999
9030
8106
13718
4362
308
11423
19449
16647
13698
4759
5072
19578
11321
8984
12295
16443
19882
13066
14970
4857
15462
4397
9107
2978
16145
4019
1093
4929
17745
19420
11928
3127
3878
1998
7489
538
13422
3290
17186
7120
8049
18610
3050
15723
7595
15346
12166
3829
8412
7136
8686
226
7885
14145
19556
4031
14516
17002
5312
8613
16422
17240
11740
16652
19238
19229
17190
12660
2519
10728
16133
6920
9339
15535
2643
13286
10881
11161
17115
15645
18297
2153
15871
6183
16298
11780
6566
7166
8782
11878
15779
1556
5470
7519
18208
4708
3100
15398
13721
1971
6127
6206
8891
11818
1741
7887
1456
8975
19048
18571
4620
17346
17076
16844
19881
9726
8624
6447
16892
17406
14677
12671
18962
147
16542
13522
1207
15994
8920
11280
17965
11399
17486
3208
19569
15580
11095
1025
907
6496
15948
5527
194
9376
18723
75
19102
7347
2874
12346
1105
17551
1369
67
14050
17911
13589
15257
10257
18862
6538
8222
6613
376
7783
2535
12308
18878
3560
13215
1726
15861
15095
1920
5237
13818
18347
692
17518
1221
9390
18623
15124
10760
18691
9174
5023
8632
784
15281
3846
7322
3503
6812
4050
11286
9347
16359
6517
12907
5926
8243
5120
1021
6516
6710
11192
4863
3754
8710
2437
13144
7333
17561
3904
2376
3088
8928
7361
3872
561
11207
7546
416
18019
11596
8055
7366
7955
14572
16626
13882
19167
18098
11255
5683
4808
2447
6899
8562
7509
9336
18059
14843
6897
1963
17219
6337
7243
4580
10209
7804
12140
17755
8221
10159
5704
16276
13878
13659
7200
6856
3893
6367
4954
11501
8403
6115
10300
15302
14677
17810
990
12736
12653
7887
11052
6224
10577
18295
7157
17138
2452
19297
14894
10673
5808
16950
6949
16038
6961
10501
2894
10855
13220
4201
18708
1623
10316
9008
13277
1345
3170
14267
10434
12175
18507
1486
18400
5436
16133
1909
2574
18585
17558
13820
5610
19718
10770
12559
15757
17732
19412
15003
4939
12633
19204
3647
14256
9520
9007
3886
10866
12178
14505
1300
705
9364
19138
19105
14800
15271
17366
17375
10209
14924
11195
15819
14643
1966
4731
10400
16050
4143
1755
989
16776
960
988
7385
6832
9995
11271
14050
18525
2128
15350
19231
11493
10840
14688
2645
6112
12055
16372
16321
6979
7568
12140
17974
5886
16871
4726
18288
1015
6482
19277
17791
3794
265
1528
10626
6612
12799
1029
1490
11280
16379
17073
19125
7220
11761
1770
9684
168
18143
6005
3500
2063
14497
1474
4301
7721
6201
2589
5088
9035
18218
19231
12829
18483
760
19807
1447
9911
836
2937
1191
13568
16362
316
17140
8124
2087
6824
8292
16582
9181
8144
14997
30
9619
19298
7751
12172
1887
12839
1207
16457
8423
10388
14940
9183
6547
12739
19094
3736
12029
286
17304
8391
16954
10796
12867
15393
17620
17512
11975
3153
5656
6972
3183
15275
2622
7287
3799
861
16478
5006
17318
4901
11746
8610
14084
14646
1350
9531
18382
9731
6169
15686
18122
3123
6482
